Dataset: cifar_100_c
Shape of x_train dataset: (50000, 32, 32, 3)
Shape of y_train dataset: (50000, 1)
Shape of x_test dataset: (10000, 32, 32, 3)
Shape of y_test dataset: (10000, 1)

New shape of x_train dataset: (50000, 3072)
New shape of x_test dataset: (10000, 3072)
New shape of y_train dataset: (50000, 20)
New shape of y_test dataset: (10000, 20)

Training TensorFlow neural network...
Epoch 1/15
1563/1563 [==============================] - 8s 5ms/step - loss: 24.6865 - accuracy: 0.0494
Epoch 2/15
1563/1563 [==============================] - 7s 5ms/step - loss: 2.9958 - accuracy: 0.0490
Epoch 3/15
1563/1563 [==============================] - 8s 5ms/step - loss: 2.9960 - accuracy: 0.0474
Epoch 4/15
1563/1563 [==============================] - 7s 5ms/step - loss: 2.9957 - accuracy: 0.0476
Epoch 5/15
1563/1563 [==============================] - 7s 5ms/step - loss: 2.9961 - accuracy: 0.0486
Epoch 6/15
1563/1563 [==============================] - 7s 5ms/step - loss: 3.0004 - accuracy: 0.0486
Epoch 7/15
1563/1563 [==============================] - 7s 5ms/step - loss: 2.9956 - accuracy: 0.0492
Epoch 8/15
1563/1563 [==============================] - 7s 5ms/step - loss: 2.9956 - accuracy: 0.0487
Epoch 9/15
1563/1563 [==============================] - 7s 5ms/step - loss: 2.9957 - accuracy: 0.0492
Epoch 10/15
1563/1563 [==============================] - 7s 5ms/step - loss: 3.0173 - accuracy: 0.0484
Epoch 11/15
1563/1563 [==============================] - 7s 5ms/step - loss: 2.9957 - accuracy: 0.0481
Epoch 12/15
1563/1563 [==============================] - 7s 5ms/step - loss: 2.9962 - accuracy: 0.0488
Epoch 13/15
1563/1563 [==============================] - 8s 5ms/step - loss: 3.0312 - accuracy: 0.0472
Epoch 14/15
1563/1563 [==============================] - 7s 5ms/step - loss: 2.9967 - accuracy: 0.0477
Epoch 15/15
1563/1563 [==============================] - 8s 5ms/step - loss: 2.9958 - accuracy: 0.0481

Running TensorFlow neural network...

Classifier algorithm: tf_net
Classifier accuracy: 5.000000%

Confusion Matrix:
      0   1   2   3   4   5   6   7   8   9  10  11  12  13  14  15  16  17  18  19
 0 [  0 500   0   0   0   0   0   0   0   0   0   0   0   0   0   0   0   0   0   0]
 1 [  0 500   0   0   0   0   0   0   0   0   0   0   0   0   0   0   0   0   0   0]
 2 [  0 500   0   0   0   0   0   0   0   0   0   0   0   0   0   0   0   0   0   0]
 3 [  0 500   0   0   0   0   0   0   0   0   0   0   0   0   0   0   0   0   0   0]
 4 [  0 500   0   0   0   0   0   0   0   0   0   0   0   0   0   0   0   0   0   0]
 5 [  0 500   0   0   0   0   0   0   0   0   0   0   0   0   0   0   0   0   0   0]
 6 [  0 500   0   0   0   0   0   0   0   0   0   0   0   0   0   0   0   0   0   0]
 7 [  0 500   0   0   0   0   0   0   0   0   0   0   0   0   0   0   0   0   0   0]
 8 [  0 500   0   0   0   0   0   0   0   0   0   0   0   0   0   0   0   0   0   0]
 9 [  0 500   0   0   0   0   0   0   0   0   0   0   0   0   0   0   0   0   0   0]
10 [  0 500   0   0   0   0   0   0   0   0   0   0   0   0   0   0   0   0   0   0]
11 [  0 500   0   0   0   0   0   0   0   0   0   0   0   0   0   0   0   0   0   0]
12 [  0 500   0   0   0   0   0   0   0   0   0   0   0   0   0   0   0   0   0   0]
13 [  0 500   0   0   0   0   0   0   0   0   0   0   0   0   0   0   0   0   0   0]
14 [  0 500   0   0   0   0   0   0   0   0   0   0   0   0   0   0   0   0   0   0]
15 [  0 500   0   0   0   0   0   0   0   0   0   0   0   0   0   0   0   0   0   0]
16 [  0 500   0   0   0   0   0   0   0   0   0   0   0   0   0   0   0   0   0   0]
17 [  0 500   0   0   0   0   0   0   0   0   0   0   0   0   0   0   0   0   0   0]
18 [  0 500   0   0   0   0   0   0   0   0   0   0   0   0   0   0   0   0   0   0]
19 [  0 500   0   0   0   0   0   0   0   0   0   0   0   0   0   0   0   0   0   0]

F1 Scores:
      0      1      2      3      4      5      6      7      8      9     10     11     12     13     14     15     16     17     18     19
[0.0000 0.0952 0.0000 0.0000 0.0000 0.0000 0.0000 0.0000 0.0000 0.0000 0.0000 0.0000 0.0000 0.0000 0.0000 0.0000 0.0000 0.0000 0.0000 0.0000]
