Dataset: cifar_100_f
Shape of x_train dataset: (50000, 32, 32, 3)
Shape of y_train dataset: (50000, 1)
Shape of x_test dataset: (10000, 32, 32, 3)
Shape of y_test dataset: (10000, 1)

New shape of x_train dataset: (50000, 32, 32, 3)
New shape of x_test dataset: (10000, 32, 32, 3)
New shape of y_train dataset: (50000, 100)
New shape of y_test dataset: (10000, 100)

Training Tensorflow convolutional network...
Epoch 1/10
1563/1563 [==============================] - 43s 27ms/step - loss: 3.9259 - accuracy: 0.1083
Epoch 2/10
1563/1563 [==============================] - 43s 27ms/step - loss: 3.2211 - accuracy: 0.2171
Epoch 3/10
1563/1563 [==============================] - 43s 28ms/step - loss: 2.8330 - accuracy: 0.2878
Epoch 4/10
1563/1563 [==============================] - 43s 28ms/step - loss: 2.5710 - accuracy: 0.3405
Epoch 5/10
1563/1563 [==============================] - 42s 27ms/step - loss: 2.3905 - accuracy: 0.3776
Epoch 6/10
1563/1563 [==============================] - 43s 27ms/step - loss: 2.2411 - accuracy: 0.4055
Epoch 7/10
1563/1563 [==============================] - 43s 27ms/step - loss: 2.1099 - accuracy: 0.4346
Epoch 8/10
1563/1563 [==============================] - 42s 27ms/step - loss: 1.9986 - accuracy: 0.4568
Epoch 9/10
1563/1563 [==============================] - 43s 28ms/step - loss: 1.9128 - accuracy: 0.4784
Epoch 10/10
1563/1563 [==============================] - 41s 26ms/step - loss: 1.8137 - accuracy: 0.4977

Running Tensorflow convolutional network...

Classifier algorithm: tf_conv
Classifier accuracy: 41.970000%

Confusion Matrix:
     0   1   2   3   4   5   6   7   8   9  10  11  12  13  14  15  16  17  18  19  20  21  22  23  24  25  26  27  28  29  30  31  32  33  34  35  36  37  38  39  40  41  42  43  44  45  46  47  48  49  50  51  52  53  54  55  56  57  58  59  60  61  62  63  64  65  66  67  68  69  70  71  72  73  74  75  76  77  78  79  80  81  82  83  84  85  86  87  88  89  90  91  92  93  94  95  96  97  98  99
0 [69  2  0  0  0  1  0  0  0  1  0  0  0  0  0  0  0  0  0  0  0  0  0  0
  0  0  0  0  0  0  0  0  0  0  0  0  0  0  0  0  0  0  0  0  0  0  0  0
  0  0  0  0  0  3  0  0  0  2  0  0  0  0  1  0  0  0  0  0  0  0  2  0
  0  0  0  0  0  0  0  0  0  0  0 12  0  0  0  0  0  0  0  0  7  0  0  0
  0  0  0  0]
1 [ 1 48  0  0  0  0  0  0  0  0  1  0  0  0  2  0  0  0  1  1  0  0  0  0
  0  0  0  0  0  0  0  0  1  1  3  0  1  2  0  0  0  0  0  0  1  1  0  0
  1  0  0  0  0  0  2  0  0  0  0  0  0  1  6  0  1  0  0  0  0  0  1  0
  0  1  0  0  0  1  0  0  0  0  2  1  0  0  0  1  0  0  0  0 16  1  0  1
  0  0  0  0]
2 [ 2  1 21  0  0  4  1  0  0  0  2  6  0  0  1  0  1  0  1  0  0  2  0  0
  0  0  0  0  0  0  0  0  1  0  1 10  7  0  0  0  1  0  0  1  0  1  5  0
  0  0  2  0  0  0  1  0  0  4  0  0  0  0  1  0  0  1  0  0  0  2  0  0
  0  0  0  0  1  1  0  0  0  0  0  0  3  0  1  0  0  0  0  0  7  0  1  0
  0  1  5  0]
3 [ 0  0  0 14  3  0  0  3  0  0  0  0  0  1  0  3  0  0  0  4  0 17  0  1
  0  0  0  0  2  0  1 10  0  0  4  0  2  1  2  0  0  0  0  2  0  0  1  0
  0  0  2  1  0  0  1  1  0  0  0  0  0  0  0  3  3  1  1  0  0  0  0  0
  4  0  2  0  2  0  1  0  3  0  0  0  0  0  1  0  0  0  0  0  0  0  0  0
  0  1  2  0]
4 [ 0  0  1  6 17  0  1  0  0  0  1  1  0  0  1  0  0  0  1  0  0  1  0  0
  1  0  1  3  0  1  0  0  1  0  2  1  0  0  3  0  0  0  3  3  0  0  0  0
  0  0  5  2  0  0  0  1  0  0  0  0  0  0  0 11  3  1  0  0  0  0  0  0
  4  0  5  0  0  4  1  1  1  0  0  0  0  1  1  1  3  1  0  1  0  1  0  2
  0  1  0  0]
5 [ 0  0  0  0  0 38  0  0  1  0  1  0  3  1  0  0  0  1  0  0  5  1  1  2
  0  2  0  0  0  0  0  0  0  0  0  1  2  0  1  0  0  0  0  0  1  0  1  0
  0  0  0  1  0  1  0  1  0  2  0  0  1  0  0  0  0  2  0  0  0  1  0  3
  0  0  0  0  0  0  0  0  0  4  1  1  6  1  0  3  0  1  1  0  1  0  7  0
  0  0  0  0]
6 [ 0  0  0  0  0  0 50  0  0  1  0  0  0  0  5  0  1  0  1  1  0  1  0  0
  2  0  1  0  0  1  0  0  0  0  3  0  0  0  1  0  0  0  0  2  0  2  0  0
  1  0  0  0  0  0  0  0  0  0  0  0  0  0  2  0  0  0  0  0  0  0  0  0
  1  0  2  0  0  0  0  1  0  0 13  1  2  0  1  0  0  0  0  0  3  0  0  0
  0  1  0  0]
7 [ 0  0  0  0  0  1  9 32  0  0  0  0  0  0  6  0  2  0  2  0  1  2  0  0
  9  0  2  0  0  2  0  0  0  0  0  0  1  0  1  0  0  2  0  0  1  3  0  0
  0  0  0  0  0  0  0  0  1  0  0  1  0  0  3  0  0  0  0  1  1  1  0  0
  0  0  2  0  0  0  1  6  0  0  0  3  0  1  0  0  0  0  0  0  1  0  0  1
  0  1  0  0]
8 [ 0  1  1  0  0  1  0  0 43  0  0  0  1  0  1  2  3  0  0  1  1  0  0  0
  1  0  0  0  0  0  0  0  0  2  1  0  0  0  3  2  0  1  2  0  0  2  0  0
 11  1  0  0  0  0  1  0  0  0  0  3  0  0  1  0  0  0  0  1  0  0  0  0
  1  0  0  0  0  0  0  0  0  0  1  0  2  0  0  0  2  3  0  0  1  0  2  1
  0  0  0  0]
9 [ 1  0  0  0  0  1  0  0  0 63  0  0  0  0  0  0  3  1  0  0  1  1  0  0
  0  0  0  0  0  0  0  0  0  0  0  2  0  1  0  0  1  1  0  0  0  0  0  0
  0  0  0  1  0  1  1  0  0  2  0  0  0  0  0  0  0  1  0  0  1  0  0  0
  1  0  0  0  8  0  0  0  0  0  0  1  0  1  3  0  0  1  0  0  0  0  1  0
  0  0  1  0]
10 [ 6  3  1  0  1  2  0  0  0  0 22  1  0  0  2  0  5  0  1  0  0  0  1  0
  0  0  1  0 12  0  0  1  0  0  0  0  2  0  0  1  4  0  0  0  0  2  0  0
  0  0  1  0  0  1  0  0  0  2  0  0  0 13  2  0  0  1  0  1  0  0  1  0
  0  0  0  0  0  0  1  0  1  0  0  1  2  0  1  0  0  0  0  0  4  0  0  0
  0  0  0  0]
11 [ 1  0  5  0  0  0  0  0  0  2  1 21  0  1  3  0  1  0  0  0  1  2  0  0
  0  0  0  0  1  0  0  0  1  0  3 10  8  1  0  0  1  0  0  0  0  0 14  0
  0  0  1  0  0  0  0  0  0  0  0  0  0  0  0  0  0  0  0  0  0  0  1  0
  0  0  0  0  0  0  0  0  0  0  0  0  1  0  3  0  2  0  0  0  1  0  1  1
  0  0 12  0]
12 [ 0  0  0  0  0  2  0  0  0  0  0  0 38  1  1  1  0  3  0  1  0  0  0  0
  0  1  0  0  2  0  1  0  0  1  1  0  0 10  0  0  1  0  0  0  0  0  0  0
  0  4  0  0  0  0  1  0  2  0  2  0  0  0  0  0  0  0  0  0  2  2  0  4
  0  0  0  0  6  0  0  0  0  2  0  0  4  0  0  1  0  2  3  0  0  0  0  1
  0  0  0  0]
13 [ 0  0  0  0  0  0  0  0  0  1  0  0  0 43  0  0  2  1  0  0  0  0  0  0
  0  0  0  0  1  0  0  0  0  0  0  0  0  8  0  2  0  1  0  0  0  0  1  0
  1  0  0  0  0  0  0  0  0  0  6  0  1  0  0  0  0  0  1  0  0  0  0  1
  0  0  0  1  0  0  0  0  0 13  0  0  2  0  2  2  1  6  1  0  1  0  0  0
  0  0  0  1]
14 [ 0  0  0  0  0  0  2  4  0  0  0  0  0  0 38  0  0  0  3  2  0  0  0  0
  1  0  0  0  0  0  0  0  1  0  3  0  0  0  1  1  0  0  0  1  1  0  0  0
  0  0  2  0  0  0  1  0  0  2  0  0  0  1  4  0  0  0  0  0  0  0  0  0
  0  0  0  0  0  3  1  0  0  0  6  3  0  0  0  0  6  0  0  0  8  1  0  0
  0  0  3  1]
15 [ 0  0  0  2  1  0  1  0  0  0  0  0  0  0  2 33  1  6  0  2  0  2  0  0
  0  0  0  0  0  0  0  2  2  0  2  1  3  1  4  0  0  0  0 10  0  0  1  0
  0  1  3  1  0  0  1  2  0  2  0  0  0  0  0  0  1  0  0  0  1  0  0  0
  1  0  0  0  2  0  0  0  0  0  1  1  0  0  0  0  0  1  0  0  0  1  1  0
  0  3  0  1]
16 [ 1  0  0  0  0  6  0  0  0  3  1  1  0  0  0  0 53  0  0  1  0  0  0  0
  0  0  0  0  1  0  0  0  0  0  0  1  3  0  0  2  1  0  0  1  0  1  1  0
  1  0  0  0  0  0  1  0  0  0  0  0  0  4  0  0  0  0  0  0  0  0  1  0
  0  0  0  0  3  0  0  0  0  0  0  2  1  0  2  1  1  1  0  0  1  0  3  0
  0  0  1  0]
17 [ 0  0  0  0  0  1  0  0  1  0  0  0  0  0  0  0  0 70  0  0  0  0  0  0
  0  0  0  0  0  0  0  0  0  0  0  0  0  5  0  2  0  0  0  0  0  0  0  0
  0  5  0  0  0  0  0  0  0  0  0  0  1  0  0  0  0  1  0  0  2  0  0  0
  0  0  0  0  7  0  0  0  0  2  0  0  1  0  0  0  0  0  0  0  0  0  2  0
  0  0  0  0]
18 [ 0  5  0  0  1  1  5  1  0  2  0  0  0  0  6  1  1  0 28  0  1  1  0  0
  0  1  0  2  0  0  1  0  0  0  2  0  0  0  2  1  0  0  0  0  2  0  0  0
  0  0  0  3  0  1  0  1  0  2  0  0  0  0  0  0  0  0  0  0  0  0  1  0
  0  0  0  0  1  7  1  3  0  0  2  1  0  1  0  0  2  0  0  3  2  1  0  0
  0  3  0  1]
19 [ 0  0  0  2  1  0  1  0  0  0  0  0  1  0  1  5  1  4  0 32  0  1  0  0
  0  0  0  0  1  1  0  5  1  0  5  0  1  0  1  0  0  2  0  4  0  0  2  0
  1  0  0  0  1  0  0  0  0  0  0  0  0  0  0  0  2  1  2  0  1  1  0  0
  2  0  1  2  0  0  0  1  0  0  1  0  1  1  0  0  1  2  0  0  0  0  0  0
  0  7  0  0]
20 [ 0  1  0  0  0  2  1  1  0  0  0  0  0  0  0  1  2  0  0  0 74  0  0  0
  0  4  1  0  0  0  0  0  0  0  0  0  0  1  1  2  0  0  0  0  1  1  0  0
  0  0  0  0  0  1  0  0  0  0  0  0  0  0  0  0  0  0  0  0  0  0  0  0
  0  0  0  0  0  0  0  0  0  1  0  0  1  0  0  0  0  0  0  1  0  0  1  1
  0  0  0  1]
21 [ 0  0  0  8  0  0  0  0  0  0  0  0  0  0  0  0  0  0  0  1  0 68  0  0
  0  0  0  0  0  0  0  5  0  0  0  0  0  0  2  0  1  0  0  1  0  0  2  0
  0  0  0  0  0  0  0  0  0  0  0  0  0  0  0  1  0  0  1  0  0  0  0  0
  1  0  1  0  0  1  0  0  0  0  0  0  0  0  0  0  0  0  0  0  0  0  0  0
  0  3  4  0]
22 [ 0  1  0  0  0  1  0  1  0  1  3  0  0  2  1  0  4  0  0  0  0  0 22  0
  0  0  0  0  2  0  0  0  1  0  1  1  4  2  1  5  2  0  0  1  0  2  1  0
  1  0  0  0  0  0  0  0  0  1  0  0  0 20  1  0  0  0  0  0  0  0  1  0
  0  0  0  0  1  1  0  1  0  0  0  3  2  0  5  2  1  0  0  0  0  0  1  0
  0  0  0  0]
23 [ 0  1  0  0  0  0  0  0  0  0  0  0  0  0  0  0  0  0  1  0  0  0  0 56
  0  1  0  0  2  0  1  0  1  1  0  0  1  0  0  2  0  0  0  0  0  0  1  0
  0 11  0  0  0  0  0  0  0  0  0  0  5  0  1  0  0  0  0  2  0  2  0  7
  1  0  0  0  2  0  0  0  0  0  0  0  0  0  0  0  0  0  0  0  0  0  0  0
  1  0  0  0]
24 [ 0  0  1  1  0  0  4  4  0  0  0  0  0  0  0  0  0  0  0  0  2  1  0  0
 68  0  0  0  0  1  0  0  0  0  1  0  0  0  0  0  0  1  0  0  0  1  0  0
  0  0  1  1  0  0  1  1  0  0  0  0  0  0  0  0  0  0  0  0  0  2  0  0
  0  0  0  1  0  1  0  1  0  0  1  0  0  0  0  0  0  0  0  1  0  1  0  2
  0  0  1  0]
25 [ 0  2  0  0  0 14  0  0  0  1  0  1  0  0  0  0  4  0  0  0  5  2  0  0
  0 23  0  1  3  0  0  0  1  2  0  0  0  1  0  2  2  0  0  0  1  0  0  0
  1  0  0  0  0  0  1  0  0  1  0  0  0  0  1  0  0  0  0  0  1  1  0  2
  0  0  0  0  0  1  0  0  0  2  0  0  2  0  0  6  0  1  0  0  1  0 12  1
  0  0  0  1]
26 [ 0  0  0  1  0  0  3  0  0  0  3  1  0  1  0  1  1  0  0  0  2  1  0  0
  3  1 19  1  0  1  1  0  0  0  1  1  2  0  1  0  0  1  1  1  1  5  0  0
  1  1  1  1  0  4  1  0  0  0  0  0  0  1  4  0  2  0  0  1  0  0  4  0
  0  0  2  0  0  1  2  2  0  0  0  2  2  2  1  0  0  2  0  1  3  1  0  0
  0  4  0  0]
27 [ 0  0  0  1  0  2  2  0  0  0  0  0  1  1  0  0  0  0  1  0  0  0  0  0
  0  2  0 26  0  0  4  0  2  1  2  0  1  0  5  2  0  0  2  0  3  0  0  0
  0  1  1  1  0  0  1  1  0  0  1  0  1  0  0  2  2  0  1  2  1  1  0  0
  0  0  3  0  0  2  0  0  1  1  0  0  0  2  0  0  2  1  1  1  0  2  0  3
  0  5  0  2]
28 [ 1  0  0  0  0  1  0  0  0  2  0  0  0  0  0  0  1  1  1  0  1  1  0  0
  0  0  0  0 78  0  0  0  0  0  0  2  0  0  0  0  2  0  0  0  0  0  0  0
  0  0  0  0  0  0  1  0  0  0  0  0  0  1  0  0  0  0  0  0  1  0  0  0
  0  0  0  0  0  0  0  0  0  0  0  2  0  0  1  0  0  0  0  0  1  0  1  1
  0  0  0  0]
29 [ 0  1  0  0  1  0  3  0  1  0  0  0  0  0  0  3  0  1  0  3  1  0  0  0
  0  0  1  1  0 44  1  3  0  0  0  0  2  2  2  1  0  0  1  2  1  1  0  0
  0  0  0  0  0  1  0  1  0  0  0  3  1  0  0  1  1  0  1  0  0  1  0  0
  1  0  2  0  0  0  0  0  0  0  0  0  1  1  0  0  1  0  0  1  0  0  0  1
  1  2  2  1]
30 [ 0  0  0  0  0  0  0  0  0  0  0  0  0  0  0  0  1  0  0  0  0  0  1  0
  0  0  0  1  1  0 52  0  0  0  0  0  1  0  0  2  0  0  0  0  0  0  1  0
  0  1  0  0  0  0  0  0  0  0  0  0  0  0  0  0  1  0  0  4  0  2  0  0
  1  6  0  0  0  0  0  0  0  0  0  0  0  0  0  0  0  0  0  0  0  1  0 21
  0  3  0  0]
31 [ 0  0  0  9  2  0  1  0  0  0  0  0  0  0  0  5  0  0  0  3  0  2  0  0
  0  0  0  0  0  1  0 35  0  2  4  2  1  0  5  0  0  0  0  3  0  0  1  0
  0  1  1  0  0  0  0  2  0  0  1  1  0  0  0  2  1  0  0  0  0  0  0  0
  1  0  1  0  2  0  0  1  1  2  0  0  0  0  0  0  0  0  0  0  0  0  4  0
  0  3  0  0]
32 [ 0  3  0  1  0  0  2  0  0  0  1  0  0  1  0  0  0  2  0  0  0  1  0  1
  0  0  0  0  0  0  0  3 34  0  1  2  4  1  1  1  0  0  1  1  0  0  1  0
  0  0  5  0  0  0  0  0  0  1  0  0  0  0  2  1  1  2  0  4  0  0  2  0
  2  1  0  0  1  1  1  0  1  0  1  0  0  0  2  0  0  1  0  0  3  0  1  2
  0  3  0  0]
33 [ 0  0  0  0  0  0  0  0  1  0  0  0  0  0  0  0  3  3  2  0  0  0  0  0
  0  0  0  0  0  0  0  0  0 38  2  0  0  1  0  0  0  0  0  0  0  0  0  1
  0  4  0  3  0  0  1  0  0  1  0  5  6  0  1  1  0  1  0  1  2  0  0  0
  0  0  1  0  3  1  0  0  0  2  1  0  0  0  0  0  2  2  0  0  0  0  1  0
  8  2  0  0]
34 [ 0  0  1  0  1  0  0  0  0  0  0  0  0  0  0  1  1  1  0  2  0  0  0  1
  2  0  1  0  0  1  0  3  0  0 41  2  6  0  4  0  0  0  0 10  0  0  2  0
  0  0  2  1  0  0  1  0  0  0  0  0  0  0  1  0  1  1  0  0  0  0  0  0
  0  0  1  0  1  1  0  0  1  0  0  0  0  0  0  0  1  1  0  0  3  1  1  0
  0  2  0  0]
35 [ 1  0 10  0  0  1  1  0  0  0  1  5  0  0  1  0  2  0  0  0  0  4  0  0
  1  0  0  0  0  0  0  0  0  0  3 20  5  0  1  0  0  0  0  1  0  2  7  0
  0  0  0  0  0  0  2  0  0  0  0  0  0  0  2  0  0  1  0  0  0  0  0  0
  0  0  0  0  0  0  0  0  0  0  0  1  1  0  0  0  0  0  0  0  2  0  0  0
  0  1 24  0]
36 [ 1  0  4  0  0  3  0  0  0  2  0  0  0  0  0  0  0  0  0  1  0  0  1  1
  0  0  0  0  0  0  0  0  0  0  5  1 49  1  1  1  0  0  0  6  0  0  0  0
  0  0  3  1  0  0  1  0  0  2  0  0  0  0  0  0  4  2  0  0  0  0  0  0
  1  0  0  0  0  1  1  0  0  0  0  0  0  0  0  0  0  0  0  0  3  0  1  0
  0  3  0  0]
37 [ 0  0  0  0  1  4  0  0  0  0  0  0  5  4  0  1  2 16  0  1  0  0  0  0
  0  1  0  0  0  0  0  0  0  2  1  0  0 39  0  2  0  0  0  0  0  0  1  0
  0  1  0  0  0  0  0  0  0  0  0  0  0  0  0  0  0  1  0  0  1  0  0  0
  1  0  0  0  1  0  0  0  0  5  0  0  1  1  0  3  0  0  1  0  0  0  3  0
  1  0  0  0]
38 [ 0  0  1  0  1  0  1  0  0  0  0  0  0  0  0  0  0  0  0  4  0  1  0  0
  1  0  0  2  2  0  0  6  1  0 16  0  0  0 25  1  0  0  0  6  0  0  1  0
  0  1  1  2  0  0  0  1  0  0  0  0  0  0  0  1  1  3  1  0  0  0  0  0
  1  0  1  0  1  3  0  0  5  0  0  0  0  0  0  0  1  1  0  0  0  0  1  1
  0  5  0  0]
39 [ 0  0  0  0  0  4  0  0  0  0  0  0  3  0  1  0  0  1  0  1  1  1  1  3
  0  0  0  0  0  0  0  1  1  3  0  0  0  0  0 49  0  1  0  0  0  0  1  0
  0  1  1  0  0  0  1  0  0  2  0  0  0  1  0  0  0  0  0  1  0  0  1  0
  0  1  0  0  1  1  0  0  0  1  0  0  1  0  2  1  2  0  1  1  1  0  3  1
  0  1  0  2]
40 [ 1  0  0  0  0  1  0  0  0  5  0  0  1  0  0  1  2  0  0  0  2  0  0  0
  0  0  0  0  8  0  0  0  0  1  0  0  1  2  0  0 37  0  0  1  0  0  1  0
  0  0  1  1  0  0  0  1  2  1  1  0  0  0  3  0  0  1  0  0  0  2  1  0
  0  1  0  0  1  0  1  0  0  1  0  1  2  2  0  4  0  2  0  0  1  0  1  3
  0  0  0  2]
41 [ 0  0  0  0  0  0  0  0  0  0  1  0  0  2  1  0  3  0  1  1  0  1  0  0
  0  0  0  0  0  0  0  0  0  0  0  0  0  0  2  0  0 67  0  0  0  1  0  0
  1  0  0  1  0  1  0  0  0  0  3  0  0  1  0  2  0  0  0  0  0  0  0  0
  0  0  1  0  0  0  0  0  0  0  0  1  0  2  1  2  0  2  1  0  1  0  0  0
  0  0  0  0]
42 [ 0  0  1  0  0  0  1  0  0  0  0  0  0  0  0  2  0  0  0  2  0  1  0  2
  0  1  0  1  1  0  0  1  0  2  6  0  1  0  4  3  0  0 38 10  0  0  0  0
  0  0  0  0  0  0  0  0  0  0  0  0  0  1  0  1  1  1  0  1  0  0  0  0
  0  0  2  0  0  0  2  1  0  0  0  0  0  0  0  0  4  0  0  0  0  1  0  0
  1  7  0  0]
43 [ 0  0  0  0  4  0  0  1  0  0  0  0  0  0  1  0  0  0  0  3  0  1  0  0
  0  0  0  0  0  0  0  0  0  0  5  1  2  1  0  0  0  0  1 58  0  0  1  1
  0  0  4  0  0  2  0  0  1  0  0  0  0  0  0  0  1  0  0  0  0  0  0  0
  0  0  0  0  0  1  0  0  2  0  0  0  1  0  0  0  0  1  0  0  1  0  1  0
  0  2  3  0]
44 [0 2 0 0 0 1 3 2 1 1 0 1 0 1 0 2 0 0 6 0 0 0 0 0 3 1 1 8 0 3 3 0 1 0 3 0 1
 1 0 1 0 1 4 0 7 3 1 0 0 0 0 2 0 1 0 1 1 2 0 0 0 0 0 0 2 0 1 2 1 1 0 0 0 1
 0 0 0 4 2 3 0 0 1 1 2 1 0 0 1 0 0 0 0 1 0 0 1 3 1 2]
45 [ 0  0  0  0  0  1 15  0  0  0  1  0  0  0  1  2  2  0  2  0  0  0  0  1
  1  0  1  1  0  2  0  0  1  1  4  1  0  0  0  0  0  0  3  1  2 18  0  0
  0  1  1  0  0  2  3  0  0  0  0  0  0  0  5  1  0  1  0  1  1  0  1  2
  0  0  3  0  0  1  0  0  0  1  2  3  1  1  2  0  0  2  0  0  3  0  1  0
  0  0  0  0]
46 [ 0  0  4  1  0  1  1  0  0  1  0 11  0  0  0  1  1  1  0  1  0  5  0  0
  0  2  0  0  4  0  0  0  3  0  1  4  5  0  0  0  1  0  1  1  0  1 27  0
  0  0  1  0  0  0  1  0  2  0  0  0  0  0  1  0  0  1  0  0  0  0  0  0
  0  0  0  0  1  0  1  0  0  0  0  0  1  0  1  1  0  2  0  0  1  0  0  0
  0  3  5  0]
47 [ 0  0  0  0  0  0  1  0  0  0  0  0  0  0  0  0  0  0  1  0  0  0  0  0
  0  0  0  0  0  0  0  0  0  0  1  0  0  0  0  1  0  0  0  0  0  0  0 49
  0  0  0  0 12  0  0  0  1  0  0 10  0  0  2  1  0  0  0  0  0  0  0  0
  0  0  0  0  0  0  0  0  0  0  1  0  0  0  0  0  1  2  0  0  0  1  0  0
 15  1  0  0]
48 [ 0  1  0  1  0  0  0  2  4  0  0  0  0  1  0  0  1  0  0  0  0  0  0  0
  1  0  0  0  0  0  0  0  0  0  1  1  0  0  1  0  0  2  0  0  0  1  0  0
 66  0  0  0  0  0  0  0  0  0  1  0  0  0  1  0  0  0  2  0  0  0  0  0
  0  0  0  0  0  0  0  0  0  0  4  1  1  0  2  0  0  4  0  0  1  0  0  0
  0  0  0  0]
49 [ 0  1  0  0  0  0  0  0  0  0  0  0  1  0  0  0  0  3  0  0  0  0  0  2
  0  0  0  0  0  1  3  0  0  0  0  0  0  0  0  2  0  0  0  0  0  0  0  0
  0 69  0  0  0  1  0  0  0  0  0  2  2  0  0  0  0  0  0  0  2  1  0  2
  0  0  1  0  4  0  0  0  0  0  0  0  0  0  0  0  0  0  0  0  0  0  0  1
  0  1  0  1]
50 [ 0  1  1  0  2  0  1  0  0  0  1  1  0  0  0  2  0  0  1  0  0  2  0  0
  1  0  0  2  3  0  0  0  1  0  3  1  8  0  3  0  0  0  0  4  1  0  0  0
  0  0 23  2  0  0  1  0  0  1  0  0  0  1  0  2  2  3  0  1  0  0  0  0
  0  0  9  0  0  3  0  0  1  0  0  0  0  0  2  0  0  0  0  1  1  2  0  0
  1  5  0  0]
51 [ 0  1  0  1  0  0  3  0  0  1  1  1  0  0  0  1  0  0  1  3  0  0  0  0
  0  0  0  0  0  2  0  0  0  1  5  0  2  3  1  0  0  0  2  6  1  1  1  0
  0  0  1 27  0  0  2  1  0  0  0  0  0  1  3  1  2  1  0  0  0  0  0  0
  0  0  2  0  0  6  2  0  1  0  1  1  0  0  0  0  2  1  0  0  3  0  0  0
  2  1  1  0]
52 [ 0  0  0  0  0  0  0  0  0  0  0  0  0  0  0  0  0  1  0  0  0  0  0  0
  0  0  0  0  0  1  0  0  0  0  0  0  0  0  0  0  0  0  0  0  0  0  0 19
  0  0  0  0 47  0  0  0  0  0  0 21  0  0  0  1  0  0  0  0  0  0  0  0
  0  0  0  0  0  0  0  0  0  0  0  0  0  0  0  0  0  0  0  0  0  0  0  0
 10  0  0  0]
53 [ 2  0  0  0  0  0  0  0  0  2  0  0  0  0  0  0  0  0  0  0  0  0  0  0
  0  0  0  0  0  0  0  0  0  0  0  0  2  0  1  0  0  0  0  0  0  0  0  0
  0  0  0  0  0 73  0  0  0  1  0  0  0  0  6  0  0  0  0  0  0  0  0  0
  0  0  0  0  0  0  0  1  0  0  1  7  0  0  0  0  0  0  0  0  3  0  1  0
  0  0  0  0]
54 [ 0  0  2  0  0  0  2  0  0  0  0  0  0  0  0  0  0  0  0  0  0  0  0  2
  1  0  0  0  1  0  0  0  0  0  2  0  2  0  0  0  0  0  0  1  0  0  0  0
  0  0  1  1  0  0 52  0  0  0  0  0  0  0  3  0  0  1  0  0  0  0  3  0
  0  0  0  0  0  0  0  1  0  0  1  1  1  0  0  0  1  0  0  0 19  0  0  0
  0  2  0  0]
55 [0 0 0 6 4 0 0 0 0 0 1 0 0 0 1 1 1 1 0 1 0 1 0 0 1 0 0 3 1 1 6 1 1 1 1 0 1
 0 4 1 0 0 1 2 1 0 0 0 0 2 0 2 0 0 2 5 0 0 0 1 0 0 0 1 1 3 1 0 1 2 0 0 3 1
 6 1 1 6 0 0 1 0 0 0 0 1 1 0 0 0 0 1 0 0 1 8 0 4 1 0]
56 [ 0  1  0  1  0  0  3  0  0  0  0  0  1  0  0  0  0  1  1  0  0  0  0  0
  0  0  0  0  0  0  1  1  0  1  0  0  0  3  1  0  4  0  0  0  0  0  0  1
  0  1  0  0  0  0  0  0 60  0  0  7  1  0  0  0  0  1  0  0  0  0  0  0
  0  0  0  0  2  0  0  1  0  1  1  0  0  0  1  0  1  0  0  0  0  1  0  0
  2  0  0  0]
57 [ 1  0  0  2  0  0  1  0  0  2  0  0  0  0  2  2  1  0  0  0  0  0  0  0
  1  0  1  0  0  0  0  1  0  0  0  1  3  0  0  0  0  0  0  0  0  2  0  0
  0  0  0  1  0 11  0  0  0 43  0  0  0  1  0  0  0  1  0  0  0  1  0  1
  0  0  0  0  1  1  0  1  0  0  1  8  0  0  2  0  0  0  0  0  7  0  0  0
  0  0  0  0]
58 [ 0  0  0  1  0  1  0  1  0  1  0  0  1 20  0  0  0  0  0  0  0  0  0  0
  0  1  0  0  0  0  0  0  0  0  0  0  0  3  0  0  0  1  0  0  0  0  0  0
  1  1  0  0  0  0  0  1  0  0 45  0  0  0  0  0  0  1  0  0  0  0  0  0
  0  1  0  0  0  0  0  0  0  4  0  0  1  1  1  2  0  8  3  0  0  0  0  0
  0  0  0  0]
59 [ 0  0  0  0  0  0  1  0  0  0  0  0  1  0  0  0  0  2  0  0  0  0  0  0
  0  0  0  1  0  0  0  1  0  1  1  0  0  3  0  0  0  0  0  0  1  0  0  6
  0  1  0  0  8  0  1  0 11  0  0 39  0  0  0  1  0  0  1  0  0  0  0  0
  0  0  0  0  1  0  1  0  0  0  1  0  1  1  0  0  0  0  0  0  0  0  0  2
 13  0  0  0]
60 [ 0  0  0  0  0  0  0  0  0  0  0  0  1  0  0  0  1  2  0  0  0  0  0  2
  0  0  0  0  0  0  0  0  0  1  0  0  0  0  0  0  0  0  0  0  0  0  0  0
  0  2  0  0  0  0  0  0  0  0  0  0 77  0  0  0  0  0  0  0  5  1  0  6
  0  0  0  0  0  0  0  0  0  0  0  0  0  0  0  1  0  0  0  0  0  0  0  0
  1  0  0  0]
61 [ 0  0  0  0  0  0  1  0  0  0  8  0  0  0  0  0  0  0  0  0  0  0  3  0
  0  0  0  0  0  0  0  0  0  0  0  0  6  0  0  1  0  0  0  0  0  0  1  0
  0  0  0  0  0  0  2  0  0  1  0  0  0 63  0  0  0  0  0  0  0  0  0  0
  0  0  0  0  0  0  0  0  0  0  0  1  0  0  3  0  3  2  0  0  2  0  0  0
  0  1  1  1]
62 [ 0  1  0  0  0  0  2  0  0  0  0  0  0  0  1  0  0  0  0  0  0  0  0  0
  0  0  0  0  0  0  0  0  1  0  0  0  0  0  0  0  0  0  0  0  0  0  0  0
  0  0  0  0  0  0  2  0  0  0  0  0  0  0 60  0  0  0  0  1  0  0  2  0
  0  0  0  0  0  0  0  0  0  0  6  4  0  0  0  0  0  0  0  0 20  0  0  0
  0  0  0  0]
63 [ 0  0  0  3  7  1  2  0  1  0  0  0  0  1  0  0  0  0  1  0  0  4  0  0
  0  1  0  1  0  0  0  1  1  0  2  1  0  0  2  0  0  0  1  4  0  1  0  0
  0  0  3  1  0  0  1  1  0  0  0  0  0  3  0 33  3  2  0  0  0  0  0  0
  2  0  6  0  0  1  0  1  2  0  0  1  2  0  0  0  0  0  0  0  0  1  0  0
  0  2  0  0]
64 [ 0  0  3  1  3  0  0  0  0  0  0  0  0  0  3  0  0  0  1  0  0  1  0  0
  0  0  0  1  0  1  0  4  0  0  3  2  6  0  3  0  0  0  2  8  0  0  0  0
  0  0  3  0  0  0  1  0  0  1  0  0  0  0  0  5 17  4  2  0  0  0  0  0
  3  0  3  2  0  0  1  0  1  1  0  1  0  0  0  0  1  0  0  0  1  0  0  0
  0 11  0  0]
65 [ 0  1  0  2  3  1  1  0  0  1  0  0  0  0  2  0  0  0  0  0  0  4  0  1
  0  0  0  1  1  0  0  0  1  1  4  0 11  1  7  0  0  0  0  0  0  0  1  0
  0  1  5  0  0  1  1  2  0  1  0  0  0  1  0  0  1 22  1  0  0  1  0  0
  0  0  1  0  0  1  0  2  1  0  0  0  1  0  1  0  1  0  0  0  4  1  2  0
  0  4  0  0]
66 [ 0  0  0  0  2  0  0  1  0  0  0  0  0  1  1  0  0  0  0  1  1  5  0  0
  0  0  0  0  1  1  0  2  0  0  2  1  1  0  1  0  0  0  2  2  0  1  0  0
  0  0  2  0  0  0  2  2  0  0  1  1  0  0  0  0  5  1 24  0  0  0  0  0
  1  0  2  2  0  2  3  1  0  0  0  0  1  0  2  0  2  2  0  0  0  0  0  0
  0 16  1  1]
67 [ 1  2  0  0  2  0  0  0  0  0  1  0  0  0  0  0  0  0  1  0  0  0  0  3
  0  0  0  0  3  1  8  0  4  0  0  0  1  0  1  1  0  0  2  0  1  1  0  0
  0  1  2  0  0  0  0  0  0  0  0  0  0  1  0  2  0  3  0 30  0  0  0  0
  2 10  1  0  2  2  0  0  1  0  0  0  0  0  0  0  0  0  0  0  1  3  0  4
  0  2  0  0]
68 [ 0  0  0  0  0  1  1  0  0  0  0  1 10  1  0  0  0  2  0  0  0  0  0  0
  0  0  0  0  0  0  0  0  0  3  0  0  0  0  0  0  1  0  0  0  0  0  0  0
  0  2  0  0  0  0  0  0  0  0  0  0  4  0  0  1  0  0  0  0 64  0  0  3
  0  0  0  0  1  0  0  0  0  0  0  0  1  0  0  0  0  0  3  0  0  0  0  1
  0  0  0  0]
69 [ 0  0  0  0  0  0  0  0  0  2  0  1  0  0  0  0  0  0  0  0  0  0  0  1
  0  0  0  0  0  0  3  0  0  0  2  0  0  0  0  0  5  0  0  0  0  0  1  0
  0  1  0  0  0  0  0  0  0  0  0  1  0  0  0  0  0  1  0  0  0 62  0  0
  0  0  0  0  8  0  0  0  0  0  1  0  0  0  0  0  0  1  0  0  0  0  0  7
  0  0  0  3]
70 [ 1  0  0  0  0  0  1  0  0  0  0  0  0  0  0  0  1  0  0  0  1  0  0  0
  0  0  0  0  0  1  0  0  0  0  0  0  0  1  0  0  0  1  0  0  0  1  0  0
  1  0  0  1  0  0  4  0  0  0  0  0  0  1 14  0  0  0  0  0  0  0 38  0
  0  0  0  0  0  0  0  0  0  0  2  5  0  0  0  0  1  0  0  0 24  1  0  0
  0  0  0  0]
71 [ 0  0  1  0  0  0  0  0  0  0  0  0  1  1  0  0  0  0  0  0  0  0  0  5
  0  0  0  0  0  0  1  0  0  0  1  0  0  0  0  0  0  0  0  0  0  0  1  0
  0  6  0  0  0  0  0  0  0  0  0  0 16  0  0  0  0  0  0  0  2  0  1 55
  0  2  0  0  0  0  0  0  0  0  0  0  0  0  0  1  0  0  0  0  1  1  0  4
  0  0  0  0]
72 [ 0  0  1  4  4  0  0  0  0  2  0  0  0  0  0  3  0  1  0  0  0  6  0  0
  0  0  0  4  1  0  2  2  0  0  1  0  0  3  1  0  0  0  0  4  1  0  0  0
  0  1  3  0  0  0  0  6  0  3  0  0  0  0  0  3  2  1  1  3  0  0  0  0
 12  1  2  1  1  1  0  0  1  0  2  0  0  1  0  0  0  1  1  2  0  0  0  8
  0  2  1  0]
73 [ 0  1  0  0  0  0  0  1  0  0  2  1  1  0  1  0  0  0  1  0  0  0  0  3
  0  0  0  1  0  0 13  1  0  0  0  1  0  0  1  1  1  0  0  0  0  0  2  0
  0  3  0  0  0  0  0  0  0  0  1  0  0  0  0  0  0  1  0  9  0  1  0  0
  2 26  0  0  0  0  0  0  0  0  1  0  0  0  1  0  0  0  1  3  1  4  0 12
  0  1  0  1]
74 [ 0  0  1  0  3  0  4  1  1  0  0  0  0  0  0  0  0  0  0  2  0  0  0  0
  1  0  0  2  0  0  1  0  1  0  5  0  2  0  0  0  0  0  1  2  0  0  0  0
  0  0  5  1  0  0  0  1  0  1  0  0  0  0  0  6  6  1  2  1  0  0  0  0
  1  0 27  1  0  3  6  1  3  0  0  0  0  0  1  0  1  0  0  0  1  0  0  0
  0  3  1  0]
75 [ 0  0  0  4  0  0  0  2  0  1  0  0  0  1  1  0  0  0  0  2  1  0  0  0
  1  0  0  2  0  0  1  0  0  0  0  0  2  0  2  0  2  0  0  0  0  0  0  0
  1  0  2  4  0  0  0  2  0  0  0  0  0  0  0  0  2  0  6  0  0  0  0  1
  2  0  1 47  0  0  2  1  0  1  0  0  0  0  0  0  0  0  1  1  0  1  0  1
  0  1  0  1]
76 [ 0  0  0  0  0  0  0  0  0  0  0  0  1  0  0  0  0  3  0  0  0  0  0  0
  0  0  0  0  0  0  3  0  0  1  0  0  0  0  1  1  0  0  0  0  0  0  0  0
  0  4  0  0  0  0  0  0  0  0  0  0  0  0  0  0  0  1  0  1  0  3  0  0
  0  0  0  0 79  0  0  0  0  0  0  0  0  0  0  0  1  0  0  0  0  0  0  1
  0  0  0  0]
77 [ 0  3  1  1  4  0  0  1  0  0  0  0  0  0  5  1  0  0  5  2  0  0  1  0
  0  1  0  1  1  0  1  1  0  1  2  0  3  0  0  0  0  0  0  2  2  2  0  0
  0  0  0  3  0  1  0  1  0  4  0  1  0  1  0  1  1  5  1  0  0  0  2  1
  0  0  0  1  0 26  0  2  4  0  0  0  0  0  0  0  0  0  0  0  1  0  0  0
  0  1  1  1]
78 [ 0  0  0  1  0  2  3  0  2  0  1  1  0  0  1  1  1  1  2  0  2  2  1  0
  1  0  0  0  1  1  0  0  0  2  1  0  3  0  2  7  0  0  2  2  1  1  0  0
  1  0  3  2  0  0  1  1  0  1  0  1  0  4  1  0  2  0  3  0  0  0  0  0
  1  0  1  0  0  3 12  0  1  0  2  0  0  0  4  0  3  0  1  0  3  0  0  3
  0  1  0  0]
79 [ 0  0  0  0  0  0  9  2  0  1  0  0  1  0  3  1  1  1  4  0  0  0  0  0
  4  0  0  0  1  0  1  1  0  0  2  0  1  1  2  0  0  0  1  0  1  1  2  0
  0  0  0  0  0  0  1  0  3  0  0  1  0  0  0  0  0  1  1  0  0  1  0  0
  0  1  0  0  0  0  0 39  0  0  1  0  1  0  0  0  0  1  0  0  1  1  1  0
  0  5  0  0]
80 [ 0  0  0  5  0  0  3  0  1  0  0  0  0  0  0  2  1  0  1  1  0  3  0  1
  0  0  0  0  1  0  0  0  2  0  5  0  3  0 14  0  0  0  3 13  1  0  0  0
  0  0  2  4  0  0  1  1  0  2  0  0  0  0  0  1  2  3  0  1  0  0  0  0
  2  0  1  0  2  1  0  0  6  1  1  0  1  0  0  0  2  0  0  0  0  0  0  0
  0  6  0  0]
81 [ 0  0  0  0  0  2  0  0  0  1  0  0  3 13  0  0  2  0  0  0  0  1  0  0
  0  0  0  0  0  0  0  0  0  0  0  0  0 10  0  2  0  0  0  0  0  0  0  0
  0  1  0  0  0  0  0  0  0  0  1  0  0  0  0  0  0  0  1  0  1  0  0  0
  0  0  0  0  0  0  0  0  0 48  0  0  3  0  1  0  0  2  8  0  0  0  0  0
  0  0  0  0]
82 [ 0  0  0  1  0  0  0  0  0  0  0  0  0  0  0  0  0  0  0  0  0  0  0  0
  0  0  0  0  0  0  0  0  0  1  2  0  0  0  0  0  0  0  0  1  0  0  0  1
  0  0  1  0  0  1  1  0  0  2  0  0  1  0  7  0  0  0  0  0  0  1  1  0
  0  0  0  0  0  0  0  0  0  0 70  4  0  0  0  0  0  1  0  0  3  0  0  0
  1  0  0  0]
83 [ 4  0  0  1  0  0  1  0  0  3  0  0  0  0  0  0  1  0  0  0  0  0  1  0
  0  0  0  0  0  0  0  0  0  0  0  0  0  0  0  0  0  0  0  1  0  0  0  0
  0  0  0  0  0  7  0  0  0  8  0  0  0  0 10  0  0  0  0  0  0  0  2  0
  0  0  0  0  0  0  0  0  0  0  1 41  0  0  0  0  0  0  0  0 16  0  2  0
  0  0  1  0]
84 [ 0  2  1  0  0  7  0  0  0  2  0  0  1  1  0  1  5  0  0  0  5  1  0  0
  0  1  0  0  3  0  0  0  0  0  1  1  0  1  1  0  3  0  0  0  0  0  1  0
  0  0  0  1  1  0  2  0  0  0  0  0  1  0  0  1  0  1  0  0  0  1  0  0
  0  0  0  0  2  0  0  0  0  1  0  1 39  0  0  2  1  1  0  0  0  0  3  0
  0  1  2  1]
85 [ 0  1  0  0  0  1  0  0  0  0  1  0  0  5  0  2  0  4  0  0  1  0  1  0
  0  0  0  2  0  0  0  2  0  0  1  0  0  0  1  0  0  0  0  0  2  0  0  0
  0  2  0  0  1  0  0  0  0  0  5  0  1  0  0  0  0  0  1  0  0  1  0  0
  0  0  1  1  1  0  0  0  0  2  0  0  1 48  0  0  0  7  2  1  0  0  0  0
  0  1  0  0]
86 [ 0  0  1  0  0  1  0  0  0  2  2  0  0  0  0  0  4  0  0  0  1  1  0  0
  0  0  0  0  1  0  0  0  1  0  0  0  1  0  0  5  1  0  0  0  0  0  0  0
  0  0  0  0  0  0  0  0  0  0  0  0  0  1  0  0  0  0  0  0  0  2  0  0
  0  0  0  0  2  0  0  0  0  1  0  0  0  0 55  9  0  0  1  0  2  0  5  1
  0  0  0  0]
87 [ 0  0  1  0  0  7  1  0  0  3  1  0  1  1  0  0  5  0  0  0  1  1  0  0
  0  0  0  0  2  0  0  0  0  0  0  0  0  0  1  0  2  0  0  0  0  0  1  0
  0  1  0  1  0  0  0  0  0  0  0  0  0  0  0  0  0  0  0  0  0  0  1  0
  0  0  0  0  0  0  0  0  0  2  0  1  2  0  2 48  0  1  0  0  0  0 13  0
  0  0  0  0]
88 [ 0  2  0  1  1  0  5  0  0  0  2  0  0  0  0  0  1  0  0  1  0  0  0  0
  0  0  1  0  2  0  0  0  0  0 12  2  0  0  0  0  0  0  8  9  0  0  0  0
  0  0  1  0  0  0  1  0  0  1  0  0  0  0  0  0  0  0  1  0  0  0  0  0
  0  0  0  0  0  1  2  0  1  0  0  1  1  0  0  0 35  1  0  0  0  0  1  1
  0  3  1  1]
89 [ 0  0  0  0  0  0  1  0  2  0  0  0  0  4  3  1  0  9  0  1  0  0  0  0
  0  0  0  0  0  0  0  1  0  1  0  0  0  4  0  0  0  0  0  0  0  1  0  0
  4  1  0  0  0  0  1  0  0  0  0  0  0  1  0  0  0  0  0  0  0  1  0  0
  0  0  1  0  0  0  0  0  0  1  5  0  1  2  0  1  2 48  1  0  1  0  0  0
  0  1  0  0]
90 [ 0  0  0  0  0  2  0  0  0  0  0  0  5  5  0  0  1  7  1  2  0  0  0  0
  0  1  0  1  0  0  0  0  0  0  0  0  0  5  0  0  0  0  0  0  0  0  2  0
  0  5  0  0  0  0  0  0  0  0  1  0  0  0  0  0  1  0  0  0  4  0  0  0
  1  0  0  0  1  0  0  0  0 12  0  0  1  1  1  0  0  6 33  0  0  0  0  1
  0  0  0  0]
91 [ 0  6  0  0  0  1  1  0  0  0  1  1  1  1  0  0  0  1  0  0  0  0  0  0
  1  0  0  0  0  0  1  0  1  1  0  0  1  1  2  0  0  0  0  1  1  0  0  0
  0  1  0  2  0  0  0  0  0  0  1  0  0  0  1  0  0  0  0  1  2  0  0  0
  0  3  0  1  0  1  0  1  0  0  0  0  2  1  0  0  0  3  0 53  0  0  0  1
  0  2  0  1]
92 [ 1  1  0  0  0  0  1  0  0  1  0  0  0  0  2  1  0  0  0  0  0  0  0  0
  1  0  0  0  1  0  0  0  0  0  1  0  0  0  0  1  0  0  0  0  0  0  0  0
  0  0  0  0  0  0  2  0  0  1  0  0  0  0 19  0  0  0  0  0  0  0  6  0
  0  0  0  0  0  0  0  0  0  0  4  2  0  0  0  0  0  0  0  0 54  0  0  0
  0  0  0  1]
93 [ 0  2  0  1  3  0  2  0  0  0  0  0  0  0  0  0  0  0  2  0  0  0  0  0
  0  0  1  0  0  2  6  0  4  0  1  0  2  0  3  2  0  0  0  1  0  1  0  0
  0  1  5  0  0  0  0  0  0  1  0  1  0  1  0  3  0  2  0  2  0  0  0  0
  2  4  2  1  2  1  1  0  0  0  0  0  0  0  4  0  1  0  1  2  2 18  0  6
  0  3  1  0]
94 [ 0  0  0  0  0  1  0  0  0  0  0  0  0  0  0  0  2  0  0  0  0  0  0  0
  0  0  0  0  0  0  0  0  0  0  0  0  0  0  0  0  0  0  0  0  0  0  0  0
  0  0  0  0  0  0  0  0  0  0  0  0  0  1  0  0  0  1  0  0  0  0  0  0
  0  0  0  0  0  0  0  0  0  0  0  0  0  0  0  3  0  0  0  0  0  0 92  0
  0  0  0  0]
95 [ 0  0  0  0  0  0  0  0  1  0  0  0  0  0  0  0  0  0  0  0  1  0  0  1
  1  0  0  0  1  0 14  0  0  0  0  0  0  0  0  1  1  0  0  0  0  0  0  0
  0  1  0  0  0  0  0  1  0  0  0  0  0  0  0  0  0  0  0  2  0  2  0  0
  0  9  0  0  3  0  0  0  0  0  0  0  0  0  1  0  0  0  0  1  0  0  0 57
  0  1  0  1]
96 [ 0  0  0  0  0  0  1  0  0  0  0  0  1  0  0  0  0  3  1  1  0  0  0  0
  0  0  0  0  0  0  0  1  0  6  0  0  0  0  1  0  0  0  2  0  0  0  0 10
  0  3  0  0 12  0  0  0  1  0  0  6  2  0  0  1  0  0  0  1  0  0  1  0
  0  0  0  0  0  0  0  0  2  1  1  0  0  0  0  0  0  1  0  0  0  0  1  0
 40  0  0  0]
97 [ 0  0  0  0  1  0  0  0  0  0  2  0  0  0  0  2  0  0  0  0  0  1  0  0
  0  0  0  0  2  1  0  2  0  1  2  0  2  0  2  1  0  0  2  3  0  0  1  0
  0  0  2  1  0  0  1  0  0  0  0  0  0  0  0  1  4  1  3  0  0  0  0  0
  2  0  2  0  1  0  0  1  1  0  0  0  0  0  0  0  0  0  0  0  0  1  0  0
  0 53  1  0]
98 [ 2  2  6  0  1  0  1  0  0  1  0  2  0  0  0  0  1  0  0  0  1  3  0  0
  1  0  0  0  0  0  0  1  3  0  2  6  4  1  1  0  2  0  0  3  0  1 10  0
  0  0  0  0  0  1  1  0  0  0  0  0  0  1  0  0  0  0  1  0  0  0  2  0
  0  0  0  1  0  1  0  0  0  0  0  0  0  0  1  1  0  1  0  0  1  0  2  0
  0  0 31  0]
99 [ 0  0  0  0  0  1  2  0  0  0  0  0  1  1  1  0  1  0  0  0  1  0  0  1
  0  0  0  2  5  0  2  0  0  0  0  0  1  0  1  5  3  0  2  0  2  0  0  0
  1  0  1  2  0  0  3  1  0  0  0  0  0  6  0  0  0  0  0  4  0  0  0  0
  1  1  1  1  1  1  2  0  0  0  0  1  0  0  2  0  0  0  0  0  1  0  1  3
  0  1  1 32]

F1 Scores:
      0      1      2      3      4      5      6      7      8      9     10     11     12     13     14     15     16     17     18     19     20     21     22     23     24     25     26     27     28     29     30     31     32     33     34     35     36     37     38     39     40     41     42     43     44     45     46     47     48     49     50     51     52     53     54     55     56     57     58     59     60     61     62     63     64     65     66     67     68     69     70     71     72     73     74     75     76     77     78     79     80     81     82     83     84     85     86     87     88     89     90     91     92     93     94     95     96     97     98     99
[0.7005 0.48   0.2471 0.153  0.1954 0.3408 0.3802 0.4    0.5375 0.5943
 0.2699 0.2658 0.4108 0.3981 0.3762 0.3548 0.453  0.5512 0.3182 0.3459
 0.6916 0.5292 0.3284 0.5895 0.6507 0.3172 0.2879 0.3041 0.6166 0.5146
 0.4483 0.3535 0.3886 0.4222 0.2799 0.2222 0.3451 0.3529 0.2128 0.4516
 0.4134 0.7363 0.4043 0.3919 0.1014 0.2222 0.2714 0.5213 0.6769 0.5633
 0.2255 0.3017 0.5165 0.6791 0.4929 0.0714 0.6486 0.4279 0.5294 0.3805
 0.6968 0.5431 0.4461 0.3438 0.1899 0.2366 0.2981 0.3352 0.6497 0.62
 0.4318 0.5851 0.1491 0.3059 0.27   0.5732 0.6077 0.2626 0.1622 0.4483
 0.0839 0.4507 0.5809 0.3694 0.3824 0.5517 0.5046 0.4898 0.3646 0.4174
 0.4    0.6057 0.3077 0.2416 0.6667 0.4286 0.404  0.3464 0.2967 0.3975]
