Dataset: cifar_100_c
Shape of x_train dataset: (50000, 32, 32, 3)
Shape of y_train dataset: (50000, 1)
Shape of x_test dataset: (10000, 32, 32, 3)
Shape of y_test dataset: (10000, 1)

New shape of x_train dataset: (50000, 32, 32, 3)
New shape of x_test dataset: (10000, 32, 32, 3)
New shape of y_train dataset: (50000, 20)
New shape of y_test dataset: (10000, 20)

Training Tensorflow convolutional network...
Epoch 1/10
1563/1563 [==============================] - 43s 27ms/step - loss: 2.4521 - accuracy: 0.2549
Epoch 2/10
1563/1563 [==============================] - 42s 27ms/step - loss: 2.0210 - accuracy: 0.3781
Epoch 3/10
1563/1563 [==============================] - 43s 27ms/step - loss: 1.7735 - accuracy: 0.4494
Epoch 4/10
1563/1563 [==============================] - 42s 27ms/step - loss: 1.6097 - accuracy: 0.4956
Epoch 5/10
1563/1563 [==============================] - 42s 27ms/step - loss: 1.4699 - accuracy: 0.5337
Epoch 6/10
1563/1563 [==============================] - 42s 27ms/step - loss: 1.3536 - accuracy: 0.5694
Epoch 7/10
1563/1563 [==============================] - 41s 26ms/step - loss: 1.2629 - accuracy: 0.5988
Epoch 8/10
1563/1563 [==============================] - 41s 26ms/step - loss: 1.1608 - accuracy: 0.6256
Epoch 9/10
1563/1563 [==============================] - 40s 26ms/step - loss: 1.0782 - accuracy: 0.6509
Epoch 10/10
1563/1563 [==============================] - 39s 25ms/step - loss: 1.0101 - accuracy: 0.6718

Running Tensorflow convolutional network...

Classifier algorithm: tf_conv
Classifier accuracy: 55.210000%

Confusion Matrix:
      0   1   2   3   4   5   6   7   8   9  10  11  12  13  14  15  16  17  18  19
 0 [250  43   0   1   4   9   1   6  12   5   7  51  33   9   6  31  21   1   5   5]
 1 [ 62 255  23   6  16   6   1   6   5   1   5  19  10  15   6  32  15   2   7   8]
 2 [  2   9 390   3  29   1   0  17   9   0   4   3   1   6   4   6   0   5   3   8]
 3 [  8   9  12 256  35  51  15   5   8   8   7   8   1  14  25  14   7   0   4  13]
 4 [  2   9  56   0 340   1   1  14  12   3   2  14   3  13   8  10   4   5   2   1]
 5 [ 10  12   9  48  11 231  22   7  12  14  11  15   3   9  12  29   5   5  24  11]
 6 [  7  12   6  15  11  48 266   7   5  17  13  12   3   8  18  11   7   3  12  19]
 7 [ 19   9  20   4  18   3   0 271  14   1   6  22  13  27   8  41   8   2   5   9]
 8 [ 30   1   6   0   5   7   1   4 222   1   3  79  60   5   8  34  26   1   3   4]
 9 [ 15   9   1   1   2  10   4   0   1 337  37  17   3   3   1   5   1   8  23  22]
10 [ 15  22   8   5   3   4   6   1   7  16 356   9   4   3   0  11   3  19   1   7]
11 [ 22   2   1   3   3   6   1   8  29   6   1 312  30   9  14  18  15   5   9   6]
12 [ 28  11   4   0  11   3   0  12  45   3   3  59 223  12   6  43  26   3   5   3]
13 [ 26  18  31   8  24  19   9  50  12   2   6  16  14 143  10  74  13   4  15   6]
14 [  9  15  14   8  13   6  10   8   9   2   1  38   6   9 320   5  17   1   7   2]
15 [ 39  34   8   2   5  10   4  21  20   7   7  34  32  23   6 203  11   8  14  12]
16 [ 45  20  12   7  15   3   4  13  32   5   2  49  76  14  14  38 143   2   4   2]
17 [  3   4   5   0   3   5   0   5   6  11  12   6   2   1   0  11   1 416   2   7]
18 [  3   4   8   4   2   7   1   5   4  30  12  19   6   6   2  14   1   5 314  53]
19 [ 16   9   4   6   4   8   1   9   4  26   8  17   3   3   0  13   3   6  87 273]

F1 Scores:
      0      1      2      3      4      5      6      7      8      9     10     11     12     13     14     15     16     17     18     19
[0.4500 0.5065 0.6977 0.5838 0.6452 0.4925 0.6281 0.5593 0.4587 0.6774 0.7099 0.4804 0.4347 0.3438 0.6612 0.3552 0.3458 0.8312 0.6004 0.5623]
